AN/PVS-2                           [['1pn93_scope',     [150]],                                                                                                          ['rhs_1p29_iron',   [100]]]
AN/PVS-2                           [['1pn93_scope',     [150]],                                                                                                          ['rhs_1p29_iron',   [100]]]
L2A2 SUIT                          [['rhs_scope',       [300, 500]],                                                                                                     ['rhs_iron',        [440]]]
L2A2 SUIT                          [['rhs_scope',       [300, 500]],                                                                                                     ['rhs_iron',        [440]]]
L2A2 SUIT                          [['rhs_scope',       [300, 500]],                                                                                                     ['rhs_iron',        [440]]]
L2A2 SUIT                          [['rhs_scope',       [300, 500]],                                                                                                     ['rhs_iron',        [440]]]
M150 RCO + AN/PVS-27               [['elcan_nvg',       [100]]]
AN/PAS-13G(V)1                     [['tws',             [300]],                                                                                                          ['tws_5mil',        [300]]]
Mk. 4 ER/T 3.5-10x M3              [['pso1_scope',      [100, 200, 300, 400, 500, 600, 700, 800, 900, 1000]]]
Mk. 4 ER/T 6.5-20x M5              [['pso1_scope',      [100, 200, 300, 400, 500, 600, 700, 800, 900, 1000, 1100, 1200, 1300, 1400, 1500, 1600, 1700, 1800, 1900, 2000]]]
Mk. 4 M5 (Desert)                  [['pso1_scope',      [100, 200, 300, 400, 500, 600, 700, 800, 900, 1000, 1100, 1200, 1300, 1400, 1500, 1600, 1700, 1800, 1900, 2000]]]
Mk. 4 M3 (Desert)                  [['pso1_scope',      [100, 200, 300, 400, 500, 600, 700, 800, 900, 1000]]]
Mk. 4 M3 (Woodland)                [['pso1_scope',      [100, 200, 300, 400, 500, 600, 700, 800, 900, 1000]]]
M8541                              [['snip',            [100, 200, 300, 400, 500, 600, 700, 800, 900, 1000, 1100, 1200, 1300, 1400, 1500]]]
M8541 (Desert)                     [['snip',            [100, 200, 300, 400, 500, 600, 700, 800, 900, 1000, 1100, 1200, 1300, 1400, 1500]]]
M8541 (low mount)                  [['snip',            [100, 200, 300, 400, 500, 600, 700, 800, 900, 1000, 1100, 1200, 1300, 1400, 1500]]]
M8541 (low mount/Desert)           [['snip',            [100, 200, 300, 400, 500, 600, 700, 800, 900, 1000, 1100, 1200, 1300, 1400, 1500]]]
M8541 (low mount/Woodland)         [['snip',            [100, 200, 300, 400, 500, 600, 700, 800, 900, 1000, 1100, 1200, 1300, 1400, 1500]]]
M8541 (Woodland)                   [['snip',            [100, 200, 300, 400, 500, 600, 700, 800, 900, 1000, 1100, 1200, 1300, 1400, 1500]]]
NXS 3.5-15x50 F1                   [['nxs_scope',       [100, 200, 300, 400, 500, 600, 700, 800, 900, 1000, 1100, 1200, 1300, 1400, 1500, 1600, 1700, 1800]]]
NXS 3.5-15x50 F1 (H58)             [['nxs_scope',       [100, 200, 300, 400, 500, 600, 700, 800, 900, 1000, 1100, 1200, 1300, 1400, 1500, 1600, 1700, 1800]]]
NXS 3.5-15x50 F1 (sunshade/H58)    [['nxs_scope',       [100, 200, 300, 400, 500, 600, 700, 800, 900, 1000, 1100, 1200, 1300, 1400, 1500, 1600, 1700, 1800]]]
NXS 3.5-15x50 F1 (mil-dot)         [['nxs_scope',       [100, 200, 300, 400, 500, 600, 700, 800, 900, 1000, 1100, 1200, 1300, 1400, 1500, 1600, 1700, 1800]]]
NXS 3.5-15x50 F1 (sunshade/mil-dot)[['nxs_scope',       [100, 200, 300, 400, 500, 600, 700, 800, 900, 1000, 1100, 1200, 1300, 1400, 1500, 1600, 1700, 1800]]]
NXS 3.5-15x50                      [['nxs_scope',       [100, 200, 300, 400, 500, 600, 700, 800, 900, 1000, 1100, 1200, 1300, 1400, 1500, 1600, 1700, 1800, 1900, 2000]]]
NXS 3.5-15x50 (mil-dot)            [['nxs_scope',       [100, 200, 300, 400, 500, 600, 700, 800, 900, 1000, 1100, 1200, 1300, 1400, 1500, 1600, 1700, 1800, 1900, 2000]]]
NXS 5.5-22x56                      [['nxs_scope',       [100, 200, 300, 400, 500, 600, 700, 800, 900, 1000, 1100, 1200, 1300, 1400, 1500, 1600, 1700, 1800, 1900, 2000]]]
NXS 5.5-22x56 (mil-dot)            [['nxs_scope',       [100, 200, 300, 400, 500, 600, 700, 800, 900, 1000, 1100, 1200, 1300, 1400, 1500, 1600, 1700, 1800, 1900, 2000]]]
NXS 5.5-22x56 (sunshade/mil-dot)   [['nxs_scope',       [100, 200, 300, 400, 500, 600, 700, 800, 900, 1000, 1100, 1200, 1300, 1400, 1500, 1600, 1700, 1800, 1900, 2000]]]
M8541A SSDS                        [['pso1_scope',      [100, 200, 300, 400, 500, 600, 700, 800, 900, 1000, 1100, 1200, 1300, 1400, 1500, 1600, 1700, 1800]]]
M8541A + AN/PVS-27                 [['pso1_nvg',        [100, 200, 300, 400, 500, 600, 700, 800, 900, 1000, 1100, 1200, 1300, 1400, 1500, 1600, 1700, 1800]]]
M8541A (low mount)                 [['pso1_scope',      [100, 200, 300, 400, 500, 600, 700, 800, 900, 1000, 1100, 1200, 1300, 1400, 1500, 1600, 1700, 1800]]]
Mk. 4 ER/T 3.5-10x M3              [['pso1_scope',      [100, 200, 300, 400, 500, 600, 700, 800, 900, 1000]]]
1P29                               [['rhs_1p29_scope',  [400, 500, 600, 700, 800, 900, 1000]],                                                                           ['rhs_1p29_iron',   [440]]]
1P29                               [['rhs_1p29_scope',  [400, 500, 600, 700, 800, 900, 1000]],                                                                           ['rhs_1p29_iron',   [440]]]
1P29                               [['rhs_1p29_scope',  [400, 500, 600, 700, 800, 900, 1000]],                                                                           ['rhs_1p29_iron',   [100, 150, 200, 220, 250, 270, 300, 320, 350, 370, 400, 420]]]
1P29                               [['rhs_1p29_scope',  [400, 500, 600, 700, 800, 900, 1000]],                                                                           ['rhs_1p29_iron',   [100, 150, 200, 220, 250, 270, 300, 320, 350, 370, 400, 420]]]
1P29                               [['rhs_1p29_scope',  [400, 500, 600, 700, 800, 900, 1000]],                                                                           ['rhs_1p29_iron',   [100]]]
1P29                               [['rhs_1p29_scope',  [400, 500, 600, 700, 800, 900, 1000]],                                                                           ['rhs_1p29_iron',   [100]]]
1P78                               [['rhs_1p29_scope',  [400]],                                                                                                          ['rhs_above_sight', [100]]]
1P78                               [['rhs_1p29_scope',  [400]],                                                                                                          ['rhs_above_sight', [100]]]
1PN34                              [['1pn34_scope',     [100]],                                                                                                          ['rhs_1pn34_iron',  [100]]]
1PN93-1                            [['1pn93_scope',     [100]],                                                                                                          ['rhs_1p29_iron',   [100]]]
1PN93-2                            [['rhs_pgo7v_scope', [500]]]
1PN93-1                            [['1pn93_scope',     [100]],                                                                                                          ['rhs_1p29_iron',   [100]]]
DH 5-20x56                         [['dedal_520',       [100, 200, 300, 400, 500, 600, 700, 800, 900, 1000, 1100, 1200, 1300, 1400, 1500, 1600, 1700, 1800, 1900, 2000]]]
MTZ Rail                           [['pso1_scope',      [100, 200, 300, 350, 400, 450, 500, 550, 600, 650, 700, 750, 800, 850, 900, 950, 1000]],                         ['rhs_1p29_iron',   [100]]]
NIT-A                              [['rhs_nita_scope',  [440]],                                                                                                          ['rhs_nita_iron',   [440]]]
NIT-A                              [['rhs_nita_scope',  [440]],                                                                                                          ['rhs_nita_iron',   [440]]]
1P63                               [['aco',             [100]]]
OKP7                               [['aco',             [100]],                                                                                                          ['cowitness',       [100]]]
OKP7 (Picatinny)                   [['aco',             [100]]]
PGO-7V                             [['rhs_pgo7v_scope', [500]],                                                                                                          ['rhs_pgo7v_iron',  [100, 150, 200, 300]]]
PGO-7V2                            [['rhs_pgo7v_scope', [500]],                                                                                                          ['rhs_pgo7v_iron',  [100, 150, 200, 300]]]
PGO-7V2                            [['rhs_pgo7v_scope', [500]],                                                                                                          ['rhs_pgo7v_iron',  [440, 100, 200, 300, 400, 500, 600, 700, 800, 900, 1000]]]
PGO-7V2                            [['rhs_pgo7v_scope', [500]],                                                                                                          ['rhs_pgo7v_iron',  [100, 150, 200, 220, 250, 270, 300, 320, 350, 370, 400, 420]]]
PGO-7V2                            [['rhs_pgo7v_scope', [500]],                                                                                                          ['rhs_pgo7v_iron',  [420, 100, 200, 300, 400, 500, 600, 700, 800, 900, 1000, 1100, 1200, 1300, 1400, 1500]]]
PGO-7V3                            [['rhs_pgo7v_scope', [500]],                                                                                                          ['rhs_pgo7v_iron',  [100, 150, 200, 300]]]
PGO-7V3                            [['rhs_pgo7v_scope', [500]],                                                                                                          ['rhs_pgo7v_iron',  [440, 100, 200, 300, 400, 500, 600, 700, 800, 900, 1000]]]
PGO-7V3                            [['rhs_pgo7v_scope', [500]],                                                                                                          ['rhs_pgo7v_iron',  [100, 150, 200, 220, 250, 270, 300, 320, 350, 370, 400, 420]]]
PGO-7V2                            [['rhs_pgo7v_scope', [500]],                                                                                                          ['rhs_pgo7v_iron',  [420, 100, 200, 300, 400, 500, 600, 700, 800, 900, 1000, 1100, 1200, 1300, 1400, 1500]]]
PGO-7V                             [['rhs_pgo7v_scope', [500]],                                                                                                          ['rhs_pgo7v_iron',  [440, 100, 200, 300, 400, 500, 600, 700, 800, 900, 1000]]]
PGO-7V                             [['rhs_pgo7v_scope', [500]],                                                                                                          ['rhs_pgo7v_iron',  [100, 150, 200, 220, 250, 270, 300, 320, 350, 370, 400, 420]]]
PGO-7V                             [['rhs_pgo7v_scope', [500]],                                                                                                          ['rhs_pgo7v_iron',  [420, 100, 200, 300, 400, 500, 600, 700, 800, 900, 1000, 1100, 1200, 1300, 1400, 1500]]]
PSO-1M2                            [['pso1_scope',      [100, 200, 300, 350, 400, 450, 500, 550, 600, 650, 700, 750, 800, 850, 900, 950, 1000]],                         ['rhs_1p29_iron',   [100]]]
PSO-1M2-1                          [['pso1_scope',      [50, 75, 100, 125, 150, 175, 200, 225, 250, 275, 300, 325, 350, 375, 400]],                                      ['rhs_1p29_iron',   [100, 150, 200, 220, 250, 270, 300, 320, 350]]]
PSO-1M2-1                          [['pso1_scope',      [50, 75, 100, 125, 150, 175, 200, 225, 250, 275, 300, 325, 350, 375, 400]],                                      ['rhs_1p29_iron',   [100, 150, 200, 220, 250, 270, 300, 320, 350]]]
PSO-1M2-1                          [['pso1_scope',      [50, 75, 100, 125, 150, 175, 200, 225, 250, 275, 300, 325, 350, 375, 400]],                                      ['rhs_1p29_iron',   [100, 150, 200, 220, 250, 270, 300, 320, 350]]]
PSO-1M2-1                          [['pso1_scope',      [50, 75, 100, 125, 150, 175, 200, 225, 250, 275, 300, 325, 350, 375, 400]],                                      ['rhs_1p29_iron',   [440, 100, 200, 300, 400, 500]]]
PSO-1M2-1                          [['rhs_1p29_iron',   [440, 100, 200, 300, 400, 500]],                                                                                 ['pso1_scope',      [50, 75, 100, 125, 150, 175, 200, 225, 250, 275, 300, 325, 350, 375, 400]]]
PSO-1M2-1                          [['rhs_1p29_iron',   [100, 150, 200, 220, 250, 270, 300, 320, 350]],                                                                  ['pso1_scope',      [50, 75, 100, 125, 150, 175, 200, 225, 250, 275, 300, 325, 350, 375, 400]]]
PSO-1M2-1                          [['pso1_scope',      [50, 75, 100, 125, 150, 175, 200, 225, 250, 275, 300, 325, 350, 375, 400]],                                      ['rhs_1p29_iron',   [100]]]
PSO-1M2-1                          [['rhs_1p29_iron',   [100]],                                                                                                          ['pso1_scope',      [50, 75, 100, 125, 150, 175, 200, 225, 250, 275, 300, 325, 350, 375, 400]]]
PSO-1M2-1                          [['pso1_scope',      [50, 75, 100, 125, 150, 175, 200, 225, 250, 275, 300, 325, 350, 375, 400]],                                      ['rhs_1p29_iron',   [100]]]
PSO-1M2-1                          [['rhs_1p29_iron',   [100]],                                                                                                          ['pso1_scope',      [50, 75, 100, 125, 150, 175, 200, 225, 250, 275, 300, 325, 350, 375, 400]]]
PSO-1M2                            [['pso1_scope',      [100, 200, 300, 350, 400, 450, 500, 550, 600, 650, 700, 750, 800, 850, 900, 950, 1000]],                         ['rhs_1p29_iron',   [100]]]
PSO-1M2                            [['pso1_scope',      [100, 200, 300, 350, 400, 450, 500, 550, 600, 650, 700, 750, 800, 850, 900, 950, 1000]],                         ['rhs_1p29_iron',   [100]]]
PSO-1M2                            [['pso1_scope',      [100, 200, 300, 350, 400, 450, 500, 550, 600, 650, 700, 750, 800, 850, 900, 950, 1000]],                         ['rhs_1p29_iron',   [440, 100, 200, 300, 400, 500]]]
PSO-1M2                            [['rhs_1p29_iron',   [440, 100, 200, 300, 400, 500]],                                                                                 ['pso1_scope',      [100, 200, 300, 350, 400, 450, 500, 550, 600, 650, 700, 750, 800, 850, 900, 950, 1000]]]
PSO-1M2                            [['pso1_scope',      [100, 200, 300, 350, 400, 450, 500, 550, 600, 650, 700, 750, 800, 850, 900, 950, 1000]],                         ['rhs_1p29_iron',   [100, 150, 200, 220, 250, 270, 300, 320, 350]]]
PSO-1M2                            [['rhs_1p29_iron',   [100, 150, 200, 220, 250, 270, 300, 320, 350]],                                                                  ['pso1_scope',      [100, 200, 300, 350, 400, 450, 500, 550, 600, 650, 700, 750, 800, 850, 900, 950, 1000]]]
PSO-1M2                            [['rhs_1p29_iron',   [100]],                                                                                                          ['pso1_scope',      [100, 200, 300, 350, 400, 450, 500, 550, 600, 650, 700, 750, 800, 850, 900, 950, 1000]]]
PSO-1M2                            [['pso1_scope',      [100, 200, 300, 350, 400, 450, 500, 550, 600, 650, 700, 750, 800, 850, 900, 950, 1000]],                         ['rhs_1p29_iron',   [100]]]
PSO-1M2                            [['rhs_1p29_iron',   [100]],                                                                                                          ['pso1_scope',      [100, 200, 300, 350, 400, 450, 500, 550, 600, 650, 700, 750, 800, 850, 900, 950, 1000]]]
PSO-1M2                            [['pso1_scope',      [100, 200, 300, 350, 400, 450, 500, 550, 600, 650, 700, 750, 800, 850, 900, 950, 1000]],                         ['rhs_1p29_iron',   [100]]]
PSO-1M2                            [['pso1_scope',      [100, 200, 300, 350, 400, 450, 500, 550, 600, 650, 700, 750, 800, 850, 900, 950, 1000]],                         ['rhs_1p29_iron',   [100]]]
Press ENTER to exit...